c = [ 0.5  0.6  0.6  0.6  0.2 -1. ]
b = [10.  5.  5. 20. 10.  0.  0.  0.  0.  0.]

A = [[ 1.  0.  0.  0.  0.  0.]
 [ 0.  1.  0.  0.  0.  0.]
 [ 0.  0.  1.  0.  0.  0.]
 [ 0.  0.  0.  1.  0.  0.]
 [ 0.  0.  0.  0.  1.  0.]
 [ 1.  0.  1.  0.  0. -1.]
 [ 1.  0.  0.  1.  0. -1.]
 [ 0.  0.  0.  0.  1. -1.]
 [ 0.  1.  1.  0.  0. -1.]
 [ 0.  0.  1.  1.  0. -1.]]

Solving maximization problem...

x = [ 5.  5.  5.  5. 10. 10.]
Resultant maximum worst case profit is 3.4999999998634603

Ax = [ 5.00000000e+00  5.00000000e+00  5.00000000e+00  5.00000000e+00
  1.00000000e+01 -2.14914309e-10 -6.78035406e-12 -2.36205722e-10
 -1.87910132e-10 -7.06439351e-11]

Solving dual minimization problem...

y = [0, 0.41, 0.12, 0, 0.08, 0.09, 0.41, 0.12, 0.19, 0.19]

A^T = [[ 1.  0.  0.  0.  0.  1.  1.  0.  0.  0.]
 [ 0.  1.  0.  0.  0.  0.  0.  0.  1.  0.]
 [ 0.  0.  1.  0.  0.  1.  0.  0.  1.  1.]
 [ 0.  0.  0.  1.  0.  0.  1.  0.  0.  1.]
 [ 0.  0.  0.  0.  1.  0.  0.  1.  0.  0.]
 [ 0.  0.  0.  0.  0. -1. -1. -1. -1. -1.]]

A^T y = [ 0.5  0.6  0.6  0.6  0.2 -1. ]

sum of final m entries of y is 1.000000000001422
pi = [0.09183803 0.40816197 0.11528382 0.19287815 0.19183803]
Expected profit = 3.4999999999487716
