1.0 1.0
0.972 1.0
0.972 1.0
0.972 1.0
0.972 1.0
0.972 1.0
0.972 1.0
0.9621 1.0
0.9621 1.0
0.9621 1.0
0.958 1.0
0.958 1.0
0.958 0.9891
0.9431 0.9891
0.9431 0.9891
0.9431 0.9828
0.9378 0.9828
0.9378 0.9828
0.9378 0.972
0.9378 0.972
0.9378 0.972
0.9378 0.9701
0.9378 0.9701
0.9378 0.9701
0.9378 0.9378
0.8823 0.9378
0.8823 0.9378
0.8823 0.9378
0.8823 0.9378
0.8823 0.9378
0.8823 0.9378
0.8712 0.9378
0.8712 0.9378
0.8712 0.9378
0.8684 0.9378
0.8684 0.9378
0.8684 0.9378
0.8545 0.9378
0.8545 0.9378
0.8545 0.9378
0.8453 0.9378
0.8453 0.9378
0.8453 0.9197
0.8267 0.9197
0.8267 0.9197
0.8267 0.9103
0.8263 0.9103
0.8263 0.9103
0.8263 0.8963
0.8263 0.8963
0.8263 0.8963
0.8263 0.8935
0.8263 0.8935
0.8263 0.8935
0.8263 0.8823
0.8263 0.8823
0.8263 0.8823
0.8263 0.8821
0.8263 0.8821
0.8263 0.8821
0.8263 0.8263
0.7382 0.8263
0.7382 0.8263
0.7382 0.8263
0.7363 0.8263
0.7363 0.8263
0.7363 0.8263
0.7265 0.8263
0.7265 0.8263
0.7265 0.8263
0.725 0.8263
0.725 0.8263
0.725 0.8263
0.714 0.8263
0.714 0.8263
0.714 0.8263
0.7106 0.8263
0.7106 0.8263
0.7106 0.8263
0.698 0.8263
0.698 0.8263
0.698 0.8263
0.6913 0.8263
0.6913 0.8263
0.6913 0.8263
0.6766 0.8263
0.6766 0.8263
0.6766 0.8223
0.6643 0.8223
0.6643 0.8223
0.6643 0.8048
0.6507 0.8048
0.6507 0.8048
0.6507 0.7937
0.6507 0.7937
0.6507 0.7937
0.6507 0.7791
0.6507 0.7791
0.6507 0.7791
0.6507 0.7732
0.6507 0.7732
0.6507 0.7732
0.6507 0.7607
0.6507 0.7607
0.6507 0.7607
0.6507 0.7579
0.6507 0.7579
0.6507 0.7579
0.6507 0.747
0.6507 0.747
0.6507 0.747
0.6507 0.746
0.6507 0.746
0.6507 0.746
0.6507 0.7363
0.6507 0.7363
0.6507 0.7363
0.6507 0.7363
0.6507 0.7363
0.6507 0.7363
