[[-0.  0.  0.  0. -0.  1.  0. -0.  0. -0.  0. -0. -0. -0.  0.  0. -0.  0.
  -0.  0. -0.  0. -0.  0. -0. -0.  0.  0.  0.  0.]
 [ 0.  0.  0. -0.  0.  0.  0.  0. -0.  0. -0.  0.  0. -0.  0.  0.  0.  0.
  -0.  0.  0.  1.  0.  0.  0.  0.  0.  0.  0.  0.]
 [ 0.  0.  0. -0.  0.  0.  0. -0.  0.  0.  0.  0.  0. -0.  0.  0.  0. -0.
   0.  0.  0.  0. -0. -0.  0. -0.  1. -0. -0. -0.]
 [-0. -0.  0. -0. -0. -0. -0.  0.  0. -0.  0.  0. -0.  0.  0.  0.  0. -0.
   1.  0. -0. -0.  0.  0. -0.  0.  0.  0.  0.  0.]
 [ 0.  0.  0.  0.  0.  0. -0. -0. -0.  0. -0. -0. -0. -0.  1. -0.  0.  0.
   0. -0.  0.  0.  0.  0.  0.  0.  0.  0.  0.  0.]
 [ 0. -0.  1.  0. -0.  0.  0.  0. -0. -0. -0.  0.  0.  0.  0. -0. -0. -0.
   0.  0.  0.  0.  0.  0.  0.  0.  0.  0. -0.  0.]
 [ 0. -0. -0.  0.  0.  0.  0. -0. -0. -0.  1.  0.  0. -0. -0. -0. -0.  0.
   0.  0. -0.  0.  0.  0. -0.  0.  0.  0.  0.  0.]
 [-0. -0.  0.  0.  0. -0.  0.  0. -0. -0. -0. -0.  0.  0. -0. -0.  0.  0.
  -0.  0. -0.  0.  0.  0.  1.  0.  0.  0.  0.  0.]
 [-0. -0.  0.  0.  0. -0. -0.  0. -0. -0. -0. -0.  0.  0. -0. -0. -0.  0.
  -0. -0.  1.  0.  0.  0. -0.  0.  0.  0.  0.  0.]
 [ 0.  0. -0.  0.  0. -0.  0.  0.  0.  0.  0.  0.  0.  0.  0. -0.  0.  0.
   0.  0.  0.  0.  1.  0.  0. -0. -0.  0. -0. -0.]
 [ 0.  0. -0.  0.  0.  0.  0. -0.  1.  0. -0. -0.  0. -0. -0. -0. -0.  0.
   0. -0. -0. -0.  0.  0. -0.  0.  0.  0.  0.  0.]
 [-0. -0.  0.  1. -0.  0.  0.  0.  0.  0.  0.  0.  0.  0.  0. -0. -0. -0.
  -0. -0.  0. -0.  0. -0.  0. -0. -0. -0. -0. -0.]
 [ 0.  0.  0. -0.  0.  0.  0.  0.  0.  0.  0.  0.  0. -0.  0. -0.  0.  0.
   0.  0.  0.  0. -0.  0.  0.  1. -0. -0. -0.  0.]
 [ 0. -0. -0. -0.  0.  0. -0.  0. -0.  0. -0.  0.  0.  0. -0.  1.  0. -0.
   0. -0. -0.  0. -0.  0. -0.  0.  0.  0.  0.  0.]
 [-0.  0.  0.  0.  0. -0. -0. -0. -0. -0.  0.  1.  0. -0. -0.  0.  0.  0.
   0.  0. -0.  0.  0.  0. -0.  0.  0.  0.  0.  0.]
 [ 0. -0. -0. -0. -0. -0.  0. -0. -0.  0. -0.  0.  0.  0.  0.  0.  1.  0.
   0. -0. -0.  0.  0.  0.  0.  0.  0. -0.  0. -0.]
 [ 0.  0. -0. -0.  0.  0. -0.  0.  0.  0.  0.  0.  0. -0.  0.  0. -0. -0.
   0.  0.  0.  0. -0. -0.  0.  0. -0. -0. -0.  1.]
 [ 1.  0.  0. -0. -0. -0. -0.  0.  0.  0.  0. -0. -0.  0.  0.  0.  0. -0.
  -0. -0. -0. -0.  0.  0. -0.  0.  0.  0.  0.  0.]
 [-0. -0.  0. -0.  0.  0.  0.  0. -0.  0.  0.  0. -0.  0. -0. -0. -0. -0.
   0.  1. -0.  0.  0.  0. -0.  0.  0.  0.  0.  0.]
 [-0.  0.  0.  0.  0.  0.  1.  0.  0. -0.  0. -0. -0. -0. -0. -0.  0. -0.
  -0.  0. -0.  0.  0.  0.  0.  0.  0.  0.  0. -0.]
 [-0. -0. -0. -0.  1. -0.  0.  0.  0. -0.  0.  0.  0.  0.  0.  0. -0. -0.
  -0.  0. -0.  0.  0.  0.  0.  0.  0.  0.  0.  0.]
 [ 0.  0.  0. -0.  0.  0.  0.  0.  0.  0.  0.  0.  0.  0.  0.  0.  0.  0.
   0.  0.  0.  0.  0.  1.  0.  0. -0. -0. -0. -0.]
 [-0. -0. -0. -0. -0.  0. -0.  0.  0.  0.  0.  0.  0.  0.  0. -0.  0.  1.
  -0. -0.  0.  0.  0.  0.  0.  0. -0.  0.  0.  0.]
 [ 0.  0.  0.  0.  0. -0.  0.  1. -0. -0. -0. -0. -0. -0. -0.  0. -0.  0.
   0.  0.  0.  0.  0.  0.  0.  0. -0. -0. -0. -0.]
 [ 0.  0. -0.  0. -0. -0. -0. -0.  0.  1. -0. -0.  0. -0.  0.  0.  0.  0.
  -0.  0. -0.  0.  0.  0.  0.  0.  0.  0.  0.  0.]
 [-0.  0.  0.  0.  0. -0. -0. -0.  0.  0.  0. -0.  1.  0. -0.  0.  0.  0.
  -0. -0.  0.  0. -0.  0.  0.  0.  0. -0. -0. -0.]
 [ 0.  1. -0. -0. -0.  0.  0.  0.  0.  0. -0.  0.  0.  0.  0. -0. -0. -0.
  -0. -0. -0.  0.  0.  0. -0.  0.  0.  0.  0.  0.]
 [ 0.  0. -0. -0.  0.  0.  0.  0.  0.  0.  0.  0. -0. -0.  0.  0.  0. -0.
   0.  0.  0.  0.  0. -0.  0. -0. -0.  1. -0. -0.]
 [ 0.  0.  0.  0.  0. -0. -0. -0. -0. -0. -0. -0.  0.  1. -0.  0.  0.  0.
   0.  0.  0. -0.  0. -0.  0. -0. -0. -0. -0. -0.]
 [ 0.  0.  0. -0.  0.  0.  0. -0.  0.  0.  0.  0. -0. -0.  0.  0.  0. -0.
   0.  0.  0.  0. -0. -0.  0. -0. -0. -0.  1. -0.]]

Proof of closeness to integers: max of p_ij (1 - p_ij) is 1.869100429635984e-10

Here is the permutation vector:
[ 6. 22. 27. 19. 15.  3. 11. 25. 21. 23.  9.  4. 26. 16. 12. 17. 30.  1.
 20.  7.  5. 24. 18.  8. 10. 13.  2. 28. 14. 29.]
